Result for strategy BeastBotXBLR6
=========================================================== BACKTESTING REPORT ==========================================================
|       Pair |   Buys |   Avg Profit % |   Cum Profit % |   Tot Profit USDT |   Tot Profit % |   Avg Duration |   Win  Draw  Loss  Win% |
|------------+--------+----------------+----------------+-------------------+----------------+----------------+-------------------------|
|   FTM/USDT |      9 |           5.87 |          52.79 |          1056.860 |          26.42 |        4:31:00 |     8     0     1  88.9 |
|   GRT/USDT |      5 |           6.67 |          33.35 |           667.636 |          16.69 |        6:37:00 |     5     0     0   100 |
|  ATOM/USDT |      4 |           5.16 |          20.63 |           413.075 |          10.33 |        5:31:00 |     4     0     0   100 |
|  GALA/USDT |      8 |           2.51 |          20.09 |           402.226 |          10.06 |        3:46:00 |     8     0     0   100 |
|   SXP/USDT |      3 |           5.79 |          17.36 |           347.524 |           8.69 |        0:48:00 |     3     0     0   100 |
| THETA/USDT |      4 |           3.94 |          15.75 |           315.247 |           7.88 |        5:08:00 |     3     0     1  75.0 |
|  COMP/USDT |      4 |           2.76 |          11.02 |           220.651 |           5.52 |        4:05:00 |     4     0     0   100 |
|   ADA/USDT |      2 |           5.36 |          10.72 |           214.516 |           5.36 |        3:12:00 |     2     0     0   100 |
|   CRV/USDT |      5 |           2.01 |          10.06 |           201.425 |           5.04 |        5:57:00 |     3     0     2  60.0 |
|    SC/USDT |      5 |           1.98 |           9.92 |           198.663 |           4.97 |        9:02:00 |     4     0     1  80.0 |
|   OMG/USDT |      3 |           3.23 |           9.68 |           193.774 |           4.84 |        3:12:00 |     3     0     0   100 |
| MATIC/USDT |      2 |           4.37 |           8.73 |           174.796 |           4.37 |        6:55:00 |     2     0     0   100 |
|   ZEC/USDT |      5 |           1.73 |           8.66 |           173.338 |           4.33 |        5:35:00 |     4     0     1  80.0 |
|  ALGO/USDT |      4 |           2.12 |           8.47 |           169.507 |           4.24 |        6:12:00 |     3     0     1  75.0 |
|  REEF/USDT |      3 |           2.74 |           8.21 |           164.452 |           4.11 |        5:17:00 |     3     0     0   100 |
|   YFI/USDT |      3 |           2.42 |           7.26 |           145.384 |           3.63 |        0:43:00 |     2     0     1  66.7 |
|   VET/USDT |      5 |           1.31 |           6.55 |           131.046 |           3.28 |        4:20:00 |     4     0     1  80.0 |
|   ENJ/USDT |      2 |           3.27 |           6.54 |           130.869 |           3.27 |        4:28:00 |     1     0     1  50.0 |
|  QTUM/USDT |      3 |           2.07 |           6.22 |           124.529 |           3.11 |        3:22:00 |     3     0     0   100 |
|  LINK/USDT |      5 |           1.18 |           5.88 |           117.727 |           2.94 |        4:23:00 |     3     0     2  60.0 |
|   CHR/USDT |      6 |           0.91 |           5.43 |           108.755 |           2.72 |        5:40:00 |     4     0     2  66.7 |
|  AAVE/USDT |      2 |           2.48 |           4.96 |            99.296 |           2.48 |        5:25:00 |     2     0     0   100 |
|   UNI/USDT |      2 |           2.45 |           4.90 |            98.118 |           2.45 |        0:20:00 |     2     0     0   100 |
|  LUNA/USDT |      6 |           0.77 |           4.63 |            92.766 |           2.32 |        3:12:00 |     4     0     2  66.7 |
|   FIL/USDT |      2 |           2.01 |           4.02 |            80.382 |           2.01 |        0:10:00 |     2     0     0   100 |
|   XRP/USDT |      3 |           1.27 |           3.80 |            76.096 |           1.90 |        1:18:00 |     1     0     2  33.3 |
|   NEO/USDT |      2 |           1.71 |           3.41 |            68.352 |           1.71 |        1:15:00 |     1     0     1  50.0 |
|   KSM/USDT |      1 |           3.38 |           3.38 |            67.758 |           1.69 |        0:10:00 |     1     0     0   100 |
|   DOT/USDT |      2 |           1.31 |           2.62 |            52.529 |           1.31 |        1:00:00 |     2     0     0   100 |
|   RLC/USDT |      4 |           0.63 |           2.53 |            50.655 |           1.27 |        7:25:00 |     3     0     1  75.0 |
|   LTC/USDT |      1 |           1.64 |           1.64 |            32.820 |           0.82 |        4:25:00 |     1     0     0   100 |
|   ONE/USDT |      1 |           1.60 |           1.60 |            32.118 |           0.80 |        9:10:00 |     1     0     0   100 |
|   SOL/USDT |      3 |           0.47 |           1.40 |            27.982 |           0.70 |        0:50:00 |     2     0     1  66.7 |
|   XLM/USDT |      4 |           0.30 |           1.19 |            23.876 |           0.60 |        1:35:00 |     3     0     1  75.0 |
|  MITH/USDT |      2 |           0.57 |           1.14 |            22.843 |           0.57 |        1:15:00 |     1     0     1  50.0 |
|  EGLD/USDT |      3 |           0.38 |           1.13 |            22.575 |           0.56 |        0:55:00 |     3     0     0   100 |
|   XTZ/USDT |      3 |           0.05 |           0.15 |             2.933 |           0.07 |        5:02:00 |     2     0     1  66.7 |
|   WIN/USDT |      1 |           0.07 |           0.07 |             1.333 |           0.03 |        1:35:00 |     1     0     0   100 |
|   TRX/USDT |      0 |           0.00 |           0.00 |             0.000 |           0.00 |           0:00 |     0     0     0     0 |
|   XMR/USDT |      0 |           0.00 |           0.00 |             0.000 |           0.00 |           0:00 |     0     0     0     0 |
|   ETC/USDT |      0 |           0.00 |           0.00 |             0.000 |           0.00 |           0:00 |     0     0     0     0 |
|  IOTA/USDT |      0 |           0.00 |           0.00 |             0.000 |           0.00 |           0:00 |     0     0     0     0 |
|  DASH/USDT |      0 |           0.00 |           0.00 |             0.000 |           0.00 |           0:00 |     0     0     0     0 |
|  KAVA/USDT |      0 |           0.00 |           0.00 |             0.000 |           0.00 |           0:00 |     0     0     0     0 |
|   ZEN/USDT |      0 |           0.00 |           0.00 |             0.000 |           0.00 |           0:00 |     0     0     0     0 |
|  IOST/USDT |      0 |           0.00 |           0.00 |             0.000 |           0.00 |           0:00 |     0     0     0     0 |
|   EOS/USDT |      1 |          -0.22 |          -0.22 |            -4.449 |          -0.11 |        1:45:00 |     0     0     1     0 |
|   BTC/USDT |      1 |          -0.56 |          -0.56 |           -11.216 |          -0.28 |        1:55:00 |     0     0     1     0 |
|  AVAX/USDT |      2 |          -0.33 |          -0.66 |           -13.210 |          -0.33 |        1:55:00 |     0     0     2     0 |
|   BCH/USDT |      2 |          -0.40 |          -0.79 |           -15.895 |          -0.40 |        1:50:00 |     1     0     1  50.0 |
|   ONT/USDT |      1 |          -0.92 |          -0.92 |           -18.503 |          -0.46 |        1:55:00 |     0     0     1     0 |
|   ETH/USDT |      3 |          -0.38 |          -1.14 |           -22.804 |          -0.57 |        1:55:00 |     1     0     2  33.3 |
|   ZIL/USDT |      2 |          -0.61 |          -1.23 |           -24.596 |          -0.61 |        1:10:00 |     1     0     1  50.0 |
| WAVES/USDT |      2 |          -0.62 |          -1.24 |           -24.780 |          -0.62 |        1:55:00 |     0     0     2     0 |
|   SNX/USDT |      2 |          -0.66 |          -1.32 |           -26.489 |          -0.66 |        1:55:00 |     1     0     1  50.0 |
|   WRX/USDT |      2 |          -0.70 |          -1.41 |           -28.180 |          -0.70 |        6:55:00 |     1     0     1  50.0 |
|   HOT/USDT |      3 |          -1.19 |          -3.58 |           -71.719 |          -1.79 |        7:52:00 |     1     0     2  33.3 |
| SUSHI/USDT |      1 |         -11.21 |         -11.21 |          -224.432 |          -5.61 |        0:15:00 |     0     0     1     0 |
|      TOTAL |    154 |           1.96 |         301.61 |          6038.156 |         150.95 |        4:01:00 |   114     0    40  74.0 |
============================================================= BUY TAG STATS =============================================================
|        TAG |   Buys |   Avg Profit % |   Cum Profit % |   Tot Profit USDT |   Tot Profit % |   Avg Duration |   Win  Draw  Loss  Win% |
|------------+--------+----------------+----------------+-------------------+----------------+----------------+-------------------------|
|       con8 |     45 |           2.57 |         115.46 |          2311.441 |          57.79 |        8:17:00 |    33     0    12  73.3 |
|       con4 |      7 |           6.71 |          46.99 |           940.640 |          23.52 |        0:16:00 |     7     0     0   100 |
|       con3 |     17 |           2.76 |          46.88 |           938.462 |          23.46 |        2:29:00 |    16     0     1  94.1 |
|      trend |     60 |           0.70 |          42.18 |           844.413 |          21.11 |        2:25:00 |    36     0    24  60.0 |
| Andalusian |     10 |           3.19 |          31.88 |           638.257 |          15.96 |        1:45:00 |    10     0     0   100 |
|       con6 |      4 |           2.64 |          10.55 |           211.132 |           5.28 |        8:54:00 |     3     0     1  75.0 |
|       con1 |     11 |           0.70 |           7.68 |           153.811 |           3.85 |        0:11:00 |     9     0     2  81.8 |
|      TOTAL |    154 |           1.96 |         301.61 |          6038.156 |         150.95 |        4:01:00 |   114     0    40  74.0 |
========================================================== SELL REASON STATS ===========================================================
|              Sell Reason |   Sells |   Win  Draws  Loss  Win% |   Avg Profit % |   Cum Profit % |   Tot Profit USDT |   Tot Profit % |
|--------------------------+---------+--------------------------+----------------+----------------+-------------------+----------------|
|               trend_stop |      36 |     13     0    23  36.1 |          -0.21 |          -7.5  |          -150.227 |          -1.88 |
|       sf_u_e_1(  trend ) |      14 |     14     0     0   100 |           0.35 |           4.83 |            96.751 |           1.21 |
|              sell_signal |      12 |     12     0     0   100 |           7.45 |          89.46 |          1790.93  |          22.36 |
|          sf_u_1(  con3 ) |      10 |     10     0     0   100 |           3.37 |          33.65 |           673.748 |           8.41 |
|        sf_u_e_1(  con8 ) |       7 |      7     0     0   100 |           0.93 |           6.51 |           130.35  |           1.63 |
|      stoploss5 (  con8 ) |       7 |      0     0     7     0 |          -5.69 |         -39.84 |          -797.558 |          -9.96 |
|            sf_2(  con8 ) |       7 |      7     0     0   100 |           5.84 |          40.85 |           817.764 |          10.21 |
|            sf_1(  con1 ) |       6 |      6     0     0   100 |           3.62 |          21.69 |           434.288 |           5.42 |
|   sf_u_1(  Andalusian  ) |       5 |      5     0     0   100 |           2.47 |          12.35 |           247.247 |           3.09 |
|       stoploss (  con8 ) |       5 |      0     0     5     0 |          -1.38 |          -6.9  |          -138.045 |          -1.72 |
|          sf_u_1(  con8 ) |       4 |      4     0     0   100 |           2.12 |           8.48 |           169.725 |           2.12 |
|          sf_u_1(  con4 ) |       3 |      3     0     0   100 |           3.58 |          10.75 |           215.261 |           2.69 |
|            sf_1(  con8 ) |       3 |      3     0     0   100 |           3.99 |          11.98 |           239.835 |           2.99 |
|        sf_u_e_1(  con3 ) |       3 |      3     0     0   100 |           2.57 |           7.7  |           154.231 |           1.93 |
|            sf_0(  con8 ) |       3 |      3     0     0   100 |           1.74 |           5.23 |           104.61  |           1.31 |
|            sf_0(  con1 ) |       3 |      3     0     0   100 |           1.8  |           5.39 |           107.968 |           1.35 |
|            sf_3(  con8 ) |       2 |      2     0     0   100 |          13.97 |          27.94 |           559.455 |           6.99 |
|            sf_3(  con4 ) |       2 |      2     0     0   100 |          13.92 |          27.85 |           557.546 |           6.96 |
|            sf_1(  con4 ) |       2 |      2     0     0   100 |           4.19 |           8.38 |           167.834 |           2.1  |
|      stoploss8 (  con1 ) |       2 |      0     0     2     0 |          -9.7  |         -19.4  |          -388.445 |          -4.85 |
|            sf_0(  con3 ) |       2 |      2     0     0   100 |           1.23 |           2.45 |            49.054 |           0.61 |
|        sf_u_e_1(  con6 ) |       1 |      1     0     0   100 |           0.23 |           0.23 |             4.518 |           0.06 |
|           sf_2(  trend ) |       1 |      1     0     0   100 |           6.32 |           6.32 |           126.47  |           1.58 |
|          sf_d_1(  con8 ) |       1 |      1     0     0   100 |           5.23 |           5.23 |           104.706 |           1.31 |
| sf_u_e_1(  Andalusian  ) |       1 |      1     0     0   100 |           1.71 |           1.71 |            34.303 |           0.43 |
|   sf_d_1(  Andalusian  ) |       1 |      1     0     0   100 |           5.28 |           5.28 |           105.634 |           1.32 |
|     sf_2(  Andalusian  ) |       1 |      1     0     0   100 |           5.88 |           5.88 |           117.664 |           1.47 |
|     sf_1(  Andalusian  ) |       1 |      1     0     0   100 |           4.6  |           4.6  |            92.078 |           1.15 |
|          sf_t_2(  con6 ) |       1 |      1     0     0   100 |           7.34 |           7.34 |           146.991 |           1.84 |
|     sf_0(  Andalusian  ) |       1 |      1     0     0   100 |           2.06 |           2.06 |            41.332 |           0.52 |
|           sf_1(  trend ) |       1 |      1     0     0   100 |           3.05 |           3.05 |            61.087 |           0.76 |
|      stoploss (  trend ) |       1 |      0     0     1     0 |          -0.22 |          -0.22 |            -4.449 |          -0.06 |
|       stoploss (  con3 ) |       1 |      0     0     1     0 |          -0.83 |          -0.83 |           -16.701 |          -0.21 |
|            sf_1(  con3 ) |       1 |      1     0     0   100 |           3.9  |           3.9  |            78.13  |           0.98 |
|            sf_1(  con6 ) |       1 |      1     0     0   100 |           3.72 |           3.72 |            74.545 |           0.93 |
|       stoploss (  con6 ) |       1 |      0     0     1     0 |          -0.75 |          -0.75 |           -14.923 |          -0.19 |
|           sf_0(  trend ) |       1 |      1     0     0   100 |           2.22 |           2.22 |            44.45  |           0.56 |
====================================================== LEFT OPEN TRADES REPORT ======================================================
|   Pair |   Buys |   Avg Profit % |   Cum Profit % |   Tot Profit USDT |   Tot Profit % |   Avg Duration |   Win  Draw  Loss  Win% |
|--------+--------+----------------+----------------+-------------------+----------------+----------------+-------------------------|
|  TOTAL |      0 |           0.00 |           0.00 |             0.000 |           0.00 |           0:00 |     0     0     0     0 |
======================== DAY BREAKDOWN =========================
|        Day |   Tot Profit USDT |   Wins |   Draws |   Losses |
|------------+-------------------+--------+---------+----------|
| 20/09/2021 |            83.915 |      2 |       0 |        0 |
| 21/09/2021 |            82.202 |      1 |       0 |        0 |
| 22/09/2021 |            25.068 |      1 |       0 |        0 |
| 23/09/2021 |           -13.985 |      1 |       0 |        1 |
| 24/09/2021 |            -5.479 |      3 |       0 |        1 |
| 25/09/2021 |           -15.347 |      1 |       0 |        1 |
| 26/09/2021 |             0     |      0 |       0 |        0 |
| 27/09/2021 |            25.41  |      1 |       0 |        1 |
| 28/09/2021 |             0     |      0 |       0 |        0 |
| 29/09/2021 |            24.421 |      1 |       0 |        0 |
| 30/09/2021 |           -26.576 |      0 |       0 |        2 |
| 01/10/2021 |             7.411 |      1 |       0 |        0 |
| 02/10/2021 |            15.834 |      1 |       0 |        0 |
| 03/10/2021 |            16.342 |      1 |       0 |        0 |
| 04/10/2021 |           -30.91  |      0 |       0 |        1 |
| 05/10/2021 |            74.684 |      2 |       0 |        1 |
| 06/10/2021 |           146.991 |      1 |       0 |        0 |
| 07/10/2021 |             0     |      0 |       0 |        0 |
| 08/10/2021 |           324.575 |      1 |       0 |        0 |
| 09/10/2021 |           111.664 |      4 |       0 |        0 |
| 10/10/2021 |             0.727 |      1 |       0 |        0 |
| 11/10/2021 |             0     |      0 |       0 |        0 |
| 12/10/2021 |             0     |      0 |       0 |        0 |
| 13/10/2021 |             0     |      0 |       0 |        0 |
| 14/10/2021 |             0     |      0 |       0 |        0 |
| 15/10/2021 |             0.131 |      1 |       0 |        0 |
| 16/10/2021 |           -14.923 |      0 |       0 |        1 |
| 17/10/2021 |             0     |      0 |       0 |        0 |
| 18/10/2021 |            36.53  |      1 |       0 |        0 |
| 19/10/2021 |            -5.56  |      0 |       0 |        1 |
| 20/10/2021 |             0     |      0 |       0 |        0 |
| 21/10/2021 |           268.296 |      3 |       0 |        1 |
| 22/10/2021 |             0     |      0 |       0 |        0 |
| 23/10/2021 |             0     |      0 |       0 |        0 |
| 24/10/2021 |             0     |      0 |       0 |        0 |
| 25/10/2021 |           280.097 |      1 |       0 |        0 |
| 26/10/2021 |           286.481 |      3 |       0 |        0 |
| 27/10/2021 |            32.82  |      1 |       0 |        0 |
| 28/10/2021 |            88.382 |      1 |       0 |        1 |
| 29/10/2021 |             0     |      0 |       0 |        0 |
| 30/10/2021 |           144.942 |      2 |       0 |        1 |
| 31/10/2021 |           -64.784 |      1 |       0 |        1 |
| 01/11/2021 |            44.125 |      2 |       0 |        0 |
| 02/11/2021 |            -4     |      0 |       0 |        1 |
| 03/11/2021 |             0     |      0 |       0 |        0 |
| 04/11/2021 |            11.197 |      1 |       0 |        0 |
| 05/11/2021 |           151.845 |      1 |       0 |        0 |
| 06/11/2021 |            26.546 |      1 |       0 |        0 |
| 07/11/2021 |             0     |      0 |       0 |        0 |
| 08/11/2021 |            61.087 |      1 |       0 |        0 |
| 09/11/2021 |            -7.878 |      0 |       0 |        1 |
| 10/11/2021 |           378.192 |      7 |       0 |        0 |
| 11/11/2021 |            42.18  |      2 |       0 |        0 |
| 12/11/2021 |            73.811 |      1 |       0 |        0 |
| 13/11/2021 |          -110.638 |      0 |       0 |        1 |
| 14/11/2021 |           -22.197 |      1 |       0 |        2 |
| 15/11/2021 |            -0.569 |      0 |       0 |        2 |
| 16/11/2021 |           223.007 |      3 |       0 |        0 |
| 17/11/2021 |            23.976 |      1 |       0 |        0 |
| 18/11/2021 |           220.595 |      2 |       0 |        0 |
| 19/11/2021 |             0     |      0 |       0 |        0 |
| 20/11/2021 |             0     |      0 |       0 |        0 |
| 21/11/2021 |            97.951 |      3 |       0 |        1 |
| 22/11/2021 |             0     |      0 |       0 |        0 |
| 23/11/2021 |             0     |      0 |       0 |        0 |
| 24/11/2021 |           193.499 |      1 |       0 |        1 |
| 25/11/2021 |            10.337 |      1 |       0 |        1 |
| 26/11/2021 |           260.42  |      4 |       0 |        0 |
| 27/11/2021 |           -17.094 |      0 |       0 |        1 |
| 28/11/2021 |            44.643 |      2 |       0 |        1 |
| 29/11/2021 |             0     |      0 |       0 |        0 |
| 30/11/2021 |           -44.218 |      1 |       0 |        3 |
| 01/12/2021 |           126.47  |      1 |       0 |        0 |
| 02/12/2021 |             0     |      0 |       0 |        0 |
| 03/12/2021 |           291.912 |      4 |       0 |        0 |
| 04/12/2021 |           747.342 |     11 |       0 |        2 |
| 05/12/2021 |             0     |      0 |       0 |        0 |
| 06/12/2021 |             0     |      0 |       0 |        0 |
| 07/12/2021 |            39.842 |      2 |       0 |        0 |
| 08/12/2021 |             0     |      0 |       0 |        0 |
| 09/12/2021 |             4.818 |      2 |       0 |        0 |
| 10/12/2021 |             0     |      0 |       0 |        0 |
| 11/12/2021 |             0     |      0 |       0 |        0 |
| 12/12/2021 |             0     |      0 |       0 |        0 |
| 13/12/2021 |             0     |      0 |       0 |        0 |
| 14/12/2021 |             0     |      0 |       0 |        0 |
| 15/12/2021 |             0     |      0 |       0 |        0 |
| 16/12/2021 |            33.234 |      1 |       0 |        1 |
| 17/12/2021 |             0     |      0 |       0 |        0 |
| 18/12/2021 |             0     |      0 |       0 |        0 |
| 19/12/2021 |             0     |      0 |       0 |        0 |
| 20/12/2021 |             0     |      0 |       0 |        0 |
| 21/12/2021 |             0     |      0 |       0 |        0 |
| 22/12/2021 |            24.661 |      2 |       0 |        0 |
| 23/12/2021 |           111.42  |      1 |       0 |        0 |
| 24/12/2021 |            17.912 |      1 |       0 |        0 |
| 25/12/2021 |           -42.891 |      0 |       0 |        1 |
| 26/12/2021 |             0     |      0 |       0 |        0 |
| 27/12/2021 |           237.268 |      1 |       0 |        0 |
| 28/12/2021 |             0     |      0 |       0 |        0 |
| 29/12/2021 |           -36.478 |      0 |       0 |        1 |
| 30/12/2021 |           -28.89  |      0 |       0 |        1 |
| 31/12/2021 |             0     |      0 |       0 |        0 |
| 01/01/2022 |           138.874 |      1 |       0 |        0 |
| 02/01/2022 |            -1.92  |      0 |       0 |        1 |
| 03/01/2022 |             0     |      0 |       0 |        0 |
| 04/01/2022 |           -19.612 |      1 |       0 |        1 |
| 05/01/2022 |            83.222 |      4 |       0 |        1 |
| 06/01/2022 |             0     |      0 |       0 |        0 |
| 07/01/2022 |           228.991 |      1 |       0 |        0 |
| 08/01/2022 |             0     |      0 |       0 |        0 |
| 09/01/2022 |             0     |      0 |       0 |        0 |
| 10/01/2022 |             0     |      0 |       0 |        0 |
| 11/01/2022 |             0     |      0 |       0 |        0 |
| 12/01/2022 |            98.253 |      2 |       0 |        0 |
| 13/01/2022 |            71.777 |      1 |       0 |        0 |
| 14/01/2022 |             0     |      0 |       0 |        0 |
| 15/01/2022 |             0     |      0 |       0 |        0 |
| 16/01/2022 |           -11.463 |      0 |       0 |        1 |
| 17/01/2022 |           122.438 |      1 |       0 |        0 |
| 18/01/2022 |             0     |      0 |       0 |        0 |
| 19/01/2022 |             0     |      0 |       0 |        0 |
| 20/01/2022 |             0     |      0 |       0 |        0 |
| 21/01/2022 |             0     |      0 |       0 |        0 |
| 22/01/2022 |           274.526 |      5 |       0 |        0 |
| 23/01/2022 |             0     |      0 |       0 |        0 |
| 24/01/2022 |           -29.73  |      0 |       0 |        1 |
=============== SUMMARY METRICS ================
| Metric                 | Value               |
|------------------------+---------------------|
| Backtesting from       | 2021-09-20 00:00:00 |
| Backtesting to         | 2022-01-27 00:00:00 |
| Max open trades        | 4                   |
|                        |                     |
| Total/Daily Avg Trades | 154 / 1.19          |
| Starting balance       | 4000.000 USDT       |
| Final balance          | 10038.156 USDT      |
| Absolute profit        | 6038.156 USDT       |
| Total profit %         | 150.95%             |
| Trades per day         | 1.19                |
| Avg. daily profit %    | 1.17%               |
| Avg. stake amount      | 2000.000 USDT       |
| Total trade volume     | 308000.000 USDT     |
|                        |                     |
| Best Pair              | FTM/USDT 52.79%     |
| Worst Pair             | SUSHI/USDT -11.21%  |
| Best trade             | FTM/USDT 16.21%     |
| Worst trade            | SUSHI/USDT -11.21%  |
| Best day               | 747.342 USDT        |
| Worst day              | -110.638 USDT       |
| Days win/draw/lose     | 54 / 51 / 22        |
| Avg. Duration Winners  | 3:41:00             |
| Avg. Duration Loser    | 4:55:00             |
| Rejected Buy signals   | 583                 |
|                        |                     |
| Min balance            | 4005.785 USDT       |
| Max balance            | 10067.886 USDT      |
| Drawdown               | 19.40%              |
| Drawdown               | 388.445 USDT        |
| Drawdown high          | 4074.365 USDT       |
| Drawdown low           | 3685.919 USDT       |
| Drawdown Start         | 2021-12-04 05:10:00 |
| Drawdown End           | 2021-12-04 05:20:00 |
| Market change          | -37.58%             |
================================================

