Result for strategy BeastBotXBLR7
=========================================================== BACKTESTING REPORT ==========================================================
|       Pair |   Buys |   Avg Profit % |   Cum Profit % |   Tot Profit USDT |   Tot Profit % |   Avg Duration |   Win  Draw  Loss  Win% |
|------------+--------+----------------+----------------+-------------------+----------------+----------------+-------------------------|
|  GALA/USDT |     20 |           4.66 |          93.13 |          1864.424 |          46.61 |        5:11:00 |    14     0     6  70.0 |
|   CHR/USDT |     13 |           4.67 |          60.68 |          1214.859 |          30.37 |        6:09:00 |    10     0     3  76.9 |
|  MITH/USDT |      4 |           9.38 |          37.51 |           750.899 |          18.77 |        3:34:00 |     3     0     1  75.0 |
| THETA/USDT |      5 |           6.53 |          32.63 |           653.248 |          16.33 |        3:48:00 |     5     0     0   100 |
|   FTM/USDT |      5 |           6.33 |          31.67 |           634.108 |          15.85 |        6:26:00 |     5     0     0   100 |
|   GRT/USDT |      6 |           3.33 |          19.96 |           399.609 |           9.99 |       10:08:00 |     4     0     2  66.7 |
| MATIC/USDT |      4 |           3.06 |          12.23 |           244.807 |           6.12 |        4:20:00 |     3     0     1  75.0 |
|   ENJ/USDT |      3 |           3.40 |          10.20 |           204.270 |           5.11 |        3:52:00 |     2     0     1  66.7 |
|  LINK/USDT |      4 |           2.31 |           9.22 |           184.663 |           4.62 |        0:19:00 |     4     0     0   100 |
|   SNX/USDT |      3 |           2.89 |           8.68 |           173.702 |           4.34 |        2:17:00 |     3     0     0   100 |
|   XRP/USDT |      2 |           4.16 |           8.31 |           166.455 |           4.16 |        0:05:00 |     2     0     0   100 |
|   FIL/USDT |      3 |           2.66 |           7.98 |           159.776 |           3.99 |        0:08:00 |     3     0     0   100 |
|  LUNA/USDT |      6 |           1.25 |           7.52 |           150.509 |           3.76 |        3:10:00 |     4     0     2  66.7 |
|   ZEC/USDT |      3 |           2.19 |           6.57 |           131.557 |           3.29 |        6:28:00 |     2     0     1  66.7 |
|   ADA/USDT |      1 |           6.12 |           6.12 |           122.438 |           3.06 |        6:20:00 |     1     0     0   100 |
|   SOL/USDT |      2 |           2.60 |           5.20 |           104.060 |           2.60 |        0:05:00 |     2     0     0   100 |
|   OMG/USDT |      2 |           2.47 |           4.94 |            98.879 |           2.47 |        2:25:00 |     2     0     0   100 |
|   CRV/USDT |      2 |           2.40 |           4.79 |            95.984 |           2.40 |        8:20:00 |     1     0     1  50.0 |
|   HOT/USDT |      8 |           0.47 |           3.76 |            75.312 |           1.88 |        5:06:00 |     4     0     4  50.0 |
|   VET/USDT |      8 |           0.45 |           3.57 |            71.427 |           1.79 |        2:19:00 |     6     0     2  75.0 |
|   KSM/USDT |      1 |           3.38 |           3.38 |            67.758 |           1.69 |        0:10:00 |     1     0     0   100 |
|  ALGO/USDT |      3 |           0.96 |           2.87 |            57.526 |           1.44 |        3:20:00 |     2     0     1  66.7 |
|  ATOM/USDT |      4 |           0.70 |           2.82 |            56.427 |           1.41 |        6:40:00 |     3     0     1  75.0 |
|   RLC/USDT |      3 |           0.83 |           2.48 |            49.662 |           1.24 |        9:52:00 |     2     0     1  66.7 |
|   DOT/USDT |      1 |           2.06 |           2.06 |            41.332 |           1.03 |        0:05:00 |     1     0     0   100 |
|  COMP/USDT |      1 |           1.22 |           1.22 |            24.421 |           0.61 |        0:05:00 |     1     0     0   100 |
|   UNI/USDT |      1 |           0.71 |           0.71 |            14.173 |           0.35 |        0:35:00 |     1     0     0   100 |
|   XTZ/USDT |      3 |           0.05 |           0.15 |             2.933 |           0.07 |        5:02:00 |     2     0     1  66.7 |
|   BTC/USDT |      0 |           0.00 |           0.00 |             0.000 |           0.00 |           0:00 |     0     0     0     0 |
|   LTC/USDT |      0 |           0.00 |           0.00 |             0.000 |           0.00 |           0:00 |     0     0     0     0 |
|   SXP/USDT |      0 |           0.00 |           0.00 |             0.000 |           0.00 |           0:00 |     0     0     0     0 |
|   EOS/USDT |      0 |           0.00 |           0.00 |             0.000 |           0.00 |           0:00 |     0     0     0     0 |
|   TRX/USDT |      0 |           0.00 |           0.00 |             0.000 |           0.00 |           0:00 |     0     0     0     0 |
|   XMR/USDT |      0 |           0.00 |           0.00 |             0.000 |           0.00 |           0:00 |     0     0     0     0 |
|   ETC/USDT |      0 |           0.00 |           0.00 |             0.000 |           0.00 |           0:00 |     0     0     0     0 |
|   BCH/USDT |      0 |           0.00 |           0.00 |             0.000 |           0.00 |           0:00 |     0     0     0     0 |
|  AAVE/USDT |      0 |           0.00 |           0.00 |             0.000 |           0.00 |           0:00 |     0     0     0     0 |
| WAVES/USDT |      0 |           0.00 |           0.00 |             0.000 |           0.00 |           0:00 |     0     0     0     0 |
|  IOTA/USDT |      0 |           0.00 |           0.00 |             0.000 |           0.00 |           0:00 |     0     0     0     0 |
|   NEO/USDT |      0 |           0.00 |           0.00 |             0.000 |           0.00 |           0:00 |     0     0     0     0 |
|  DASH/USDT |      0 |           0.00 |           0.00 |             0.000 |           0.00 |           0:00 |     0     0     0     0 |
|  AVAX/USDT |      0 |           0.00 |           0.00 |             0.000 |           0.00 |           0:00 |     0     0     0     0 |
|   YFI/USDT |      0 |           0.00 |           0.00 |             0.000 |           0.00 |           0:00 |     0     0     0     0 |
|  KAVA/USDT |      0 |           0.00 |           0.00 |             0.000 |           0.00 |           0:00 |     0     0     0     0 |
|  QTUM/USDT |      0 |           0.00 |           0.00 |             0.000 |           0.00 |           0:00 |     0     0     0     0 |
|  EGLD/USDT |      0 |           0.00 |           0.00 |             0.000 |           0.00 |           0:00 |     0     0     0     0 |
|   ETH/USDT |      1 |          -0.57 |          -0.57 |           -11.463 |          -0.29 |        1:55:00 |     0     0     1     0 |
|   ONT/USDT |      1 |          -0.66 |          -0.66 |           -13.203 |          -0.33 |        3:30:00 |     0     0     1     0 |
|   ZEN/USDT |      2 |          -0.57 |          -1.13 |           -22.694 |          -0.57 |        1:28:00 |     1     0     1  50.0 |
|   WRX/USDT |      2 |          -0.70 |          -1.41 |           -28.180 |          -0.70 |        6:55:00 |     1     0     1  50.0 |
|   ZIL/USDT |      5 |          -0.51 |          -2.57 |           -51.436 |          -1.29 |        7:55:00 |     3     0     2  60.0 |
|   XLM/USDT |      1 |          -3.04 |          -3.04 |           -60.954 |          -1.52 |       13:30:00 |     0     0     1     0 |
|  REEF/USDT |      3 |          -1.55 |          -4.64 |           -92.924 |          -2.32 |        6:27:00 |     2     0     1  66.7 |
|  IOST/USDT |      1 |          -5.03 |          -5.03 |          -100.666 |          -2.52 |        1:55:00 |     0     0     1     0 |
|   WIN/USDT |      4 |          -1.48 |          -5.91 |          -118.329 |          -2.96 |        7:01:00 |     2     0     2  50.0 |
|    SC/USDT |      5 |          -1.56 |          -7.82 |          -156.539 |          -3.91 |        8:47:00 |     2     0     3  40.0 |
| SUSHI/USDT |      2 |          -4.57 |          -9.14 |          -182.960 |          -4.57 |        0:22:00 |     1     0     1  50.0 |
|   ONE/USDT |      9 |          -1.02 |          -9.22 |          -184.533 |          -4.61 |        8:24:00 |     5     0     4  55.6 |
|      TOTAL |    157 |           2.16 |         339.23 |          6791.339 |         169.78 |        5:06:00 |   110     0    47  70.1 |
============================================================= BUY TAG STATS =============================================================
|        TAG |   Buys |   Avg Profit % |   Cum Profit % |   Tot Profit USDT |   Tot Profit % |   Avg Duration |   Win  Draw  Loss  Win% |
|------------+--------+----------------+----------------+-------------------+----------------+----------------+-------------------------|
|       con6 |     64 |           1.93 |         123.39 |          2470.183 |          61.75 |        6:30:00 |    35     0    29  54.7 |
|       con8 |     45 |           2.49 |         112.24 |          2246.998 |          56.17 |        7:40:00 |    33     0    12  73.3 |
| Andalusian |     13 |           2.66 |          34.53 |           691.356 |          17.28 |        1:50:00 |    13     0     0   100 |
|       con3 |      9 |           2.61 |          23.47 |           469.927 |          11.75 |        0:31:00 |     8     0     1  88.9 |
|       con4 |      3 |           7.06 |          21.19 |           424.285 |          10.61 |        0:15:00 |     3     0     0   100 |
|       con1 |     15 |           1.23 |          18.52 |           370.858 |           9.27 |        0:10:00 |    13     0     2  86.7 |
|       con9 |      2 |           2.76 |           5.53 |           110.659 |           2.77 |        0:10:00 |     2     0     0   100 |
|      trend |      6 |           0.06 |           0.35 |             7.073 |           0.18 |        1:18:00 |     3     0     3  50.0 |
|      TOTAL |    157 |           2.16 |         339.23 |          6791.339 |         169.78 |        5:06:00 |   110     0    47  70.1 |
========================================================== SELL REASON STATS ===========================================================
|              Sell Reason |   Sells |   Win  Draws  Loss  Win% |   Avg Profit % |   Cum Profit % |   Tot Profit USDT |   Tot Profit % |
|--------------------------+---------+--------------------------+----------------+----------------+-------------------+----------------|
|      stoploss5 (  con6 ) |      20 |      0     0    20     0 |          -5.45 |        -108.93 |         -2180.87  |         -27.23 |
|        sf_u_e_1(  con6 ) |      15 |     15     0     0   100 |           0.64 |           9.67 |           193.682 |           2.42 |
|              sell_signal |      14 |     14     0     0   100 |          12.75 |         178.48 |          3573.22  |          44.62 |
|       stoploss (  con6 ) |       9 |      0     0     9     0 |          -0.9  |          -8.06 |          -161.399 |          -2.02 |
|        sf_u_e_1(  con8 ) |       8 |      8     0     0   100 |           1.48 |          11.86 |           237.485 |           2.97 |
|            sf_1(  con1 ) |       7 |      7     0     0   100 |           3.7  |          25.87 |           517.834 |           6.47 |
|   sf_u_1(  Andalusian  ) |       7 |      7     0     0   100 |           2.55 |          17.85 |           357.303 |           4.46 |
|            sf_2(  con8 ) |       7 |      7     0     0   100 |           5.84 |          40.85 |           817.764 |          10.21 |
|      stoploss5 (  con8 ) |       7 |      0     0     7     0 |          -6.2  |         -43.37 |          -868.182 |         -10.84 |
|          sf_u_1(  con8 ) |       6 |      6     0     0   100 |           2.11 |          12.64 |           253.02  |           3.16 |
|            sf_0(  con1 ) |       6 |      6     0     0   100 |           2.01 |          12.06 |           241.469 |           3.02 |
|          sf_u_1(  con3 ) |       6 |      6     0     0   100 |           4.02 |          24.14 |           483.38  |           6.04 |
|       stoploss (  con8 ) |       5 |      0     0     5     0 |          -1.38 |          -6.9  |          -138.045 |          -1.72 |
|          sf_u_1(  con6 ) |       4 |      4     0     0   100 |           2.17 |           8.69 |           173.975 |           2.17 |
|               trend_stop |       3 |      0     0     3     0 |          -0.75 |          -2.26 |           -45.194 |          -0.56 |
|            sf_3(  con6 ) |       3 |      3     0     0   100 |          12.25 |          36.74 |           735.584 |           9.19 |
|       sf_u_e_1(  trend ) |       3 |      3     0     0   100 |           0.87 |           2.61 |            52.267 |           0.65 |
|            sf_1(  con8 ) |       3 |      3     0     0   100 |           3.99 |          11.98 |           239.835 |           2.99 |
|            sf_1(  con6 ) |       2 |      2     0     0   100 |           3.47 |           6.94 |           138.944 |           1.74 |
|            sf_3(  con8 ) |       2 |      2     0     0   100 |          13.97 |          27.94 |           559.455 |           6.99 |
|            sf_1(  con4 ) |       2 |      2     0     0   100 |           3.84 |           7.68 |           153.698 |           1.92 |
|      stoploss8 (  con1 ) |       2 |      0     0     2     0 |          -9.7  |         -19.4  |          -388.445 |          -4.85 |
|     sf_0(  Andalusian  ) |       2 |      2     0     0   100 |           1.7  |           3.4  |            68.061 |           0.85 |
| sf_u_e_1(  Andalusian  ) |       2 |      2     0     0   100 |           1.07 |           2.13 |            42.695 |           0.53 |
|            sf_1(  con9 ) |       1 |      1     0     0   100 |           3.06 |           3.06 |            61.312 |           0.77 |
|      stoploss5 (  con3 ) |       1 |      0     0     1     0 |          -5.15 |          -5.15 |          -103.116 |          -1.29 |
|            sf_3(  con4 ) |       1 |      1     0     0   100 |          13.52 |          13.52 |           270.588 |           3.38 |
|          sf_d_1(  con6 ) |       1 |      1     0     0   100 |           7.53 |           7.53 |           150.657 |           1.88 |
|   sf_d_1(  Andalusian  ) |       1 |      1     0     0   100 |           5.28 |           5.28 |           105.634 |           1.32 |
|            sf_4(  con6 ) |       1 |      1     0     0   100 |          26.7  |          26.7  |           534.519 |           6.67 |
|          sf_t_1(  con6 ) |       1 |      1     0     0   100 |          21.6  |          21.6  |           432.469 |           5.4  |
|          sf_u_1(  con9 ) |       1 |      1     0     0   100 |           2.46 |           2.46 |            49.347 |           0.62 |
|     sf_2(  Andalusian  ) |       1 |      1     0     0   100 |           5.88 |           5.88 |           117.664 |           1.47 |
|            sf_0(  con8 ) |       1 |      1     0     0   100 |           1.25 |           1.25 |            25.068 |           0.31 |
|            sf_0(  con3 ) |       1 |      1     0     0   100 |           1.22 |           1.22 |            24.421 |           0.3  |
|            sf_1(  con3 ) |       1 |      1     0     0   100 |           3.26 |           3.26 |            65.242 |           0.81 |
====================================================== LEFT OPEN TRADES REPORT ======================================================
|   Pair |   Buys |   Avg Profit % |   Cum Profit % |   Tot Profit USDT |   Tot Profit % |   Avg Duration |   Win  Draw  Loss  Win% |
|--------+--------+----------------+----------------+-------------------+----------------+----------------+-------------------------|
|  TOTAL |      0 |           0.00 |           0.00 |             0.000 |           0.00 |           0:00 |     0     0     0     0 |
======================== DAY BREAKDOWN =========================
|        Day |   Tot Profit USDT |   Wins |   Draws |   Losses |
|------------+-------------------+--------+---------+----------|
| 20/09/2021 |            98.119 |      2 |       0 |        0 |
| 21/09/2021 |            39.018 |      1 |       0 |        0 |
| 22/09/2021 |            33.501 |      2 |       0 |        0 |
| 23/09/2021 |             4.518 |      1 |       0 |        0 |
| 24/09/2021 |          -120.25  |      3 |       0 |        2 |
| 25/09/2021 |           -15.347 |      1 |       0 |        1 |
| 26/09/2021 |             0     |      0 |       0 |        0 |
| 27/09/2021 |             0     |      0 |       0 |        0 |
| 28/09/2021 |             0     |      0 |       0 |        0 |
| 29/09/2021 |            24.421 |      1 |       0 |        0 |
| 30/09/2021 |             0     |      0 |       0 |        0 |
| 01/10/2021 |             0     |      0 |       0 |        0 |
| 02/10/2021 |             0     |      0 |       0 |        0 |
| 03/10/2021 |             7.769 |      1 |       0 |        1 |
| 04/10/2021 |          -132.781 |      0 |       0 |        2 |
| 05/10/2021 |             0     |      0 |       0 |        0 |
| 06/10/2021 |           -94.671 |      1 |       0 |        1 |
| 07/10/2021 |             0     |      0 |       0 |        0 |
| 08/10/2021 |           324.575 |      1 |       0 |        0 |
| 09/10/2021 |             0     |      0 |       0 |        0 |
| 10/10/2021 |             0     |      0 |       0 |        0 |
| 11/10/2021 |            21.208 |      1 |       0 |        0 |
| 12/10/2021 |             0     |      0 |       0 |        0 |
| 13/10/2021 |             0     |      0 |       0 |        0 |
| 14/10/2021 |             0     |      0 |       0 |        0 |
| 15/10/2021 |             1.067 |      1 |       0 |        0 |
| 16/10/2021 |           -14.923 |      0 |       0 |        1 |
| 17/10/2021 |            -4.732 |      1 |       0 |        1 |
| 18/10/2021 |            66.202 |      1 |       0 |        1 |
| 19/10/2021 |          -106.914 |      0 |       0 |        1 |
| 20/10/2021 |             0     |      0 |       0 |        0 |
| 21/10/2021 |           142.551 |      2 |       0 |        0 |
| 22/10/2021 |           -60.954 |      0 |       0 |        1 |
| 23/10/2021 |             0     |      0 |       0 |        0 |
| 24/10/2021 |             0     |      0 |       0 |        0 |
| 25/10/2021 |           280.097 |      1 |       0 |        0 |
| 26/10/2021 |             0     |      0 |       0 |        0 |
| 27/10/2021 |           188.339 |      7 |       0 |        1 |
| 28/10/2021 |            -0.378 |      1 |       0 |        1 |
| 29/10/2021 |             0     |      0 |       0 |        0 |
| 30/10/2021 |           144.961 |      1 |       0 |        0 |
| 31/10/2021 |          -177.901 |      1 |       0 |        2 |
| 01/11/2021 |          -251.928 |      0 |       0 |        4 |
| 02/11/2021 |           656.15  |      2 |       0 |        1 |
| 03/11/2021 |             8.969 |      1 |       0 |        2 |
| 04/11/2021 |           195.494 |      1 |       0 |        0 |
| 05/11/2021 |            44.797 |      1 |       0 |        1 |
| 06/11/2021 |             8.28  |      1 |       0 |        0 |
| 07/11/2021 |             0     |      0 |       0 |        0 |
| 08/11/2021 |             0     |      0 |       0 |        0 |
| 09/11/2021 |            58.743 |      2 |       0 |        0 |
| 10/11/2021 |           608.946 |      7 |       0 |        0 |
| 11/11/2021 |            42.18  |      2 |       0 |        0 |
| 12/11/2021 |            73.811 |      1 |       0 |        0 |
| 13/11/2021 |           192.553 |      1 |       0 |        0 |
| 14/11/2021 |          -122.073 |      0 |       0 |        2 |
| 15/11/2021 |          -110.106 |      0 |       0 |        1 |
| 16/11/2021 |           200.032 |      3 |       0 |        0 |
| 17/11/2021 |           689.085 |      2 |       0 |        1 |
| 18/11/2021 |           115.103 |      2 |       0 |        1 |
| 19/11/2021 |            22.288 |      1 |       0 |        0 |
| 20/11/2021 |           442.167 |      2 |       0 |        0 |
| 21/11/2021 |           463.785 |      3 |       0 |        0 |
| 22/11/2021 |          -209.184 |      0 |       0 |        2 |
| 23/11/2021 |             0     |      0 |       0 |        0 |
| 24/11/2021 |          1064.99  |      3 |       0 |        0 |
| 25/11/2021 |            10.337 |      1 |       0 |        1 |
| 26/11/2021 |             5.476 |      4 |       0 |        2 |
| 27/11/2021 |           -17.094 |      0 |       0 |        1 |
| 28/11/2021 |            44.643 |      2 |       0 |        1 |
| 29/11/2021 |           247.846 |      2 |       0 |        0 |
| 30/11/2021 |            14.173 |      1 |       0 |        0 |
| 01/12/2021 |             0     |      0 |       0 |        0 |
| 02/12/2021 |             0     |      0 |       0 |        0 |
| 03/12/2021 |           240.839 |      3 |       0 |        0 |
| 04/12/2021 |           364.488 |     10 |       0 |        2 |
| 05/12/2021 |             0     |      0 |       0 |        0 |
| 06/12/2021 |             0     |      0 |       0 |        0 |
| 07/12/2021 |             0     |      0 |       0 |        0 |
| 08/12/2021 |             0     |      0 |       0 |        0 |
| 09/12/2021 |             0     |      0 |       0 |        0 |
| 10/12/2021 |             0     |      0 |       0 |        0 |
| 11/12/2021 |             0     |      0 |       0 |        0 |
| 12/12/2021 |             0     |      0 |       0 |        0 |
| 13/12/2021 |             0     |      0 |       0 |        0 |
| 14/12/2021 |             0     |      0 |       0 |        0 |
| 15/12/2021 |             0     |      0 |       0 |        0 |
| 16/12/2021 |             0     |      0 |       0 |        0 |
| 17/12/2021 |          -100.848 |      0 |       0 |        1 |
| 18/12/2021 |             0     |      0 |       0 |        0 |
| 19/12/2021 |             0     |      0 |       0 |        0 |
| 20/12/2021 |             0     |      0 |       0 |        0 |
| 21/12/2021 |             0     |      0 |       0 |        0 |
| 22/12/2021 |             0     |      0 |       0 |        0 |
| 23/12/2021 |            27.237 |      2 |       0 |        1 |
| 24/12/2021 |           148.929 |      4 |       0 |        0 |
| 25/12/2021 |           -42.891 |      0 |       0 |        1 |
| 26/12/2021 |             0     |      0 |       0 |        0 |
| 27/12/2021 |           237.268 |      1 |       0 |        0 |
| 28/12/2021 |             0     |      0 |       0 |        0 |
| 29/12/2021 |             0     |      0 |       0 |        0 |
| 30/12/2021 |           -28.89  |      0 |       0 |        1 |
| 31/12/2021 |             0     |      0 |       0 |        0 |
| 01/01/2022 |           138.874 |      1 |       0 |        0 |
| 02/01/2022 |             0     |      0 |       0 |        0 |
| 03/01/2022 |             0     |      0 |       0 |        0 |
| 04/01/2022 |           -19.612 |      1 |       0 |        1 |
| 05/01/2022 |           -14.364 |      4 |       0 |        2 |
| 06/01/2022 |             0     |      0 |       0 |        0 |
| 07/01/2022 |           242.564 |      2 |       0 |        0 |
| 08/01/2022 |             0     |      0 |       0 |        0 |
| 09/01/2022 |             0     |      0 |       0 |        0 |
| 10/01/2022 |             0     |      0 |       0 |        0 |
| 11/01/2022 |             0     |      0 |       0 |        0 |
| 12/01/2022 |             0     |      0 |       0 |        0 |
| 13/01/2022 |            71.777 |      1 |       0 |        0 |
| 14/01/2022 |             0     |      0 |       0 |        0 |
| 15/01/2022 |             0     |      0 |       0 |        0 |
| 16/01/2022 |           -11.463 |      0 |       0 |        1 |
| 17/01/2022 |           122.438 |      1 |       0 |        0 |
| 18/01/2022 |             0     |      0 |       0 |        0 |
| 19/01/2022 |             0     |      0 |       0 |        0 |
| 20/01/2022 |             0     |      0 |       0 |        0 |
| 21/01/2022 |             0     |      0 |       0 |        0 |
| 22/01/2022 |           297.765 |      4 |       0 |        0 |
| 23/01/2022 |             0     |      0 |       0 |        0 |
| 24/01/2022 |           -29.73  |      0 |       0 |        1 |
=============== SUMMARY METRICS ================
| Metric                 | Value               |
|------------------------+---------------------|
| Backtesting from       | 2021-09-20 00:00:00 |
| Backtesting to         | 2022-01-27 00:00:00 |
| Max open trades        | 4                   |
|                        |                     |
| Total/Daily Avg Trades | 157 / 1.22          |
| Starting balance       | 4000.000 USDT       |
| Final balance          | 10791.339 USDT      |
| Absolute profit        | 6791.339 USDT       |
| Total profit %         | 169.78%             |
| Trades per day         | 1.22                |
| Avg. daily profit %    | 1.32%               |
| Avg. stake amount      | 2000.000 USDT       |
| Total trade volume     | 314000.000 USDT     |
|                        |                     |
| Best Pair              | GALA/USDT 93.13%    |
| Worst Pair             | ONE/USDT -9.22%     |
| Best trade             | GALA/USDT 38.35%    |
| Worst trade            | SUSHI/USDT -11.21%  |
| Best day               | 1064.986 USDT       |
| Worst day              | -251.928 USDT       |
| Days win/draw/lose     | 46 / 59 / 22        |
| Avg. Duration Winners  | 3:54:00             |
| Avg. Duration Loser    | 7:53:00             |
| Rejected Buy signals   | 1743                |
|                        |                     |
| Min balance            | 3834.748 USDT       |
| Max balance            | 10821.070 USDT      |
| Drawdown               | 21.47%              |
| Drawdown               | 429.829 USDT        |
| Drawdown high          | 825.397 USDT        |
| Drawdown low           | 395.568 USDT        |
| Drawdown Start         | 2021-10-30 12:50:00 |
| Drawdown End           | 2021-11-01 13:20:00 |
| Market change          | -37.58%             |
================================================

